Lunit = 1.0 m
Munit = 1.0 kg
Tunit = 1.0 s 
g = 9.806 
rho = 1.225 
# mass x y z Ixx Iyy Izz 
5.941262 0.352823 0.000000 0.000000 826.977456 33.902503 860.879960 
#========================================== 
