Lunit = 1.0 m
Munit = 1.0 kg
Tunit = 1.0 s 
g = 9.810 
rho = 1.225 
# mass x y z Ixx Iyy Izz 
0.100000 0.500000 0.000000 0.000000 1.000000 1.000000 1.000000 
#========================================== 
